     -0.00769454360121264
       0.0135850857372504
       0.0195247823413325
       0.0205706978243702
       0.0222520703453831
       0.0287218966766266
       0.0389637913649427
       0.0425626383428646
       0.0475677179918711
       0.0500690026892834
        0.052415172147774
       0.0559241484546419
       0.0594963065641502
       0.0651431747942608
       0.0877651374116745
        0.131792851795067
        0.143171035822957
         0.14707085040865
         2.16806051843603
          2.3605598011021
         2.79432618229969
         3.07736843206866
         3.16094351572365
         3.57808328781945
         3.68296253449497
         3.77377554851351
         3.84562061329044
         4.30899344599541
         4.78506549592925
         5.00472426551813
