 -0.267088810040
  0.489708841662
  0.723650384794
  1.027244771615
  1.067979484795
  1.249979099742
  1.314205513884
  1.398941402268
  1.420351948415
  1.970954085030
  2.219204423353
  2.297077210246
  2.510214177700
  3.083925146430
  3.133527369915
  3.187545973869
  3.306262832104
  4.311833112414
  4.322029438304
  6.005324777069
  6.293458895358
  6.542458257607
  6.915430914001
  7.204333332541
  7.351779906768
  8.570257402196
  9.504663831774
 10.966776302610
 13.315596140498
 14.469373833080
